301
300
299
298
302
303
307
310
312
313
314
317
324
331
332
337
338
345
346
347
349
348
350
363
364
369
370
375
376
377
378
393
394
395
396
397
398
399
400
401
403
402
404
405
408
407
409
410
411
412
414
413
415
416
417
418
420
419
422
421
423
424
427
425
428
429
430
431
432
433
434
435
436
437
438
439
440
441
442
443
444
445
446
447
448
449
450
451
452
453
454
455
456
457
458
459
460
461
462
463
464
465
467
466
469
468
470
471
473
472
475
474
476
477
478
479
481
480
482
483
486
484
487
488
489
490
492
493
494
495
496
497
498
499
500
501
502
503
504
505
506
507
508
509
510
511
512
513
530
531
532
533
534
535
536
537
539
538
540
541
542
543
544
545
546
547
548
549
550
551
553
554
555
556
557
558
559
560
561
562
563
564
565
566
567
568
569
570
571
572
573
574
575
576
577
578
579
580
581
582
583
584
585
587300
301
299
298
302
303
307
310
312
313
314
317
324
331
332
337
338
345
346
347
348
349
364
369
370
375
350
363
376
377
378
393
394
395
396
397
398
399
400
401
402
403
404
405
