298
299
300
301
302
303
307
310
312
313
314
317
324
331
332
337
338
346
345
347
348
349
350
363
364
367
365
366
361
369
370
375
376
377
378
393
394
395
396
397
398
399
400
401
402
403
404
405
407
409
408
410
411
412
413
414
415
416
417
418
419
420
421
422
423
424
425
427
428
429
430
431
432
433
434
435
436
437
438
439
440
441
442
443
444
445
446
447
448
449
450
451
452
453
454
455
456
457
458
459
460
461
462
463
464
465
466
467
468
469
470
471
472
473
474
475
476
477
478
479
480
481
482
483
484
486
487
488
490
489
492
493
494
495
496
497
498
499
500
501
502
503
504
505
506
507
508
509
510
511
512
513
530
531
532
533
534
535
536
537
538
539
540
541
542
543
544
545
546
547
549
548
550
551
553
554
555
557
556
558
559
560
561
562
563
564
565
566
567
568
569
570
571
572
573
574
575
576
577
578
579
580
581
582
583
584
585
586
587
588
589
590
591
592
593
594
595
596
597
598
599
600
601
602
603
604
605
606
607
608
609
610
611
612
613
614
615
616
617
618
619
620
621
622
623
625
624
633
634
635
636
637
638
639
640
641
642
643
644
645
647
646
648
649
650
651
652
653
654
655
656
657
659
658
660
661
662
663
664
665
666
667
668
669
670
672
673
674
675
676
677
678
679
680
681
682
684
683
685
687
688
689
690
691
692
693
686
694
695
696
697
698
699
700
701
702
703
704
705
706
707
708
709
710
711
713
714
715
716
717
718
719
712
720
721
723
722
724
725
726
727
728
729
730
731
732
733
734
735
736
737
738
739
740
741
742
743
744
745
746
747
748
749
750
751
752
753
754
755
756
757
758
759
760
761
762
763
764
765
766
767
768
769
780
781
782
784
785
786
787
788
789
790
791
792
793
794
795
797
796
798
799
800
801
802
803
804
805
806
807
808
809
810
811
812
813
814
815
816
817
818
819
820
821
822
823
825
824
826
827
828
829
830
831
832
833
835
834
836
837
838
839
840
841
842
843
844
845
846
847
849
848
850
851
854
852
853
855
856
857
858
859
860
862
861
867
868
869
919
920
921
922
923
924
925
926
927
928
929
930
932
931
933
934
935
936
937
938
939
940
941
942
943
944
945
946
947
948
1002
1003
1004
1005
1006
1007
1008
1009
1010
1011
1012
1013
1014
1015
1016
1020
1021
1022
1023
1024
1025
1026
1027
1028
1029
1030
1031
1045
1048
1060
1061
1062
1075
1067
1066
1076
1140
1141
1146
1308
1447
1449
1453
1458
1468
1473
1474
1471
1475
1476
1477
1479
1481
1480
1486
1482
1483
1484
1488
1489
1490
1491
1492
1494
1495
1496
1497
1498
1499
1500
1501
1502
1503
1504
1507
1508
1509
1511
1515
1513
1514
1512
1516
1517
1518
1519
1520
1521
1522
1523
1524
1525
1526
1527
1528
1529
1530
1531
1532
1533
1534
1536
1537
1538
1539
1540
1546
1549
1551
1552
1554
1555
1556
1559
1560
1561
1563
1564
1567
1568
1569
1570
1571
1572
1574
1573
1575
1576
1578
1579
1580
1581
1583
1584
1585
1586
1588
1589
1590
1591
1592
1593
1594
1595
1596
1597
1598
1599
1600
1601
1603
1604
1605
1606
1607
1608
1609
1611
1610
1612
1613
1614
1615
1616
1617
1618
1619
1620
1623
1625
1626
1628
1629
1630
1631
1632
1633
1634
1635
1636
1637
1638
1639
1640
1641
1642
1643
1644
1645
1646
1648
1649
1650
1651
1652
1653
1656
1658
1659
1660
1661
1665
1666
1668
1669
1670
1671
1672
1673
1674
1675
1676
1677
1678
1679
1680
1681
1682
1683
1684
1685
1686
1687
1688
1689
1690
1691
1692
1693
1694
1695
1696
1697
1698
1699
1700
1701
1702
1703
1704
1705
1706
1707
1708
1709
1710
1711
1712
1713
1714
1715
1716
1717
1718
1719
1720
1721
1722
1723
1724
1725
1726
1727
1728
1729
1730
1731
1732
1733
1734
1735
1736
1737
1738
1739
1740
1741
1742
1743
1744
1745
1746
1747
1748
1749
1750
1751
1752
1753
1754
1755
1756
1757
1758
1759
1760
1761
1762
1763
1764
1765
1766
1767
1768
1769
1770
1771
1772
1773
1774
1775
1776
1777
1778
1779
1780
1781
1782
1783
1784
1785
1786
1787
1788
1789
1790
1791
1792
1793
1794
1795
1796
1797
1798
1799
1800
1801
1802
1803
1804
1805
1806
1807
1808
1809
1810
1811
1812
1813
1814
1815
1816
1817
1818
1819
1820
1821
1822
1823
1824
1825
1826
1827
1828
1829
1830
1831
1832
1833
1834
1835
1836
1837
1838
1839
1840
1841
1842
1843
1844
1845
1846
1847
1848
1849
1850
1851
1852
1853
1854
1855
1856
1857
1858
1859
1860
1861
1862
1863
1864
1865
1866
1867
1868
1869
1870
1871
1872
1873
1874
1875
1876
1877
1878
1879
1800
1881
1882
1883
1884
1885
1887
1888
1889
1890
1891
1892
1894
1895
1896
1898
1900
1901
1902
1903
1904
1905
1906
1907
1908
1909
1910
1911
1912
1913
1914
1915
1916
1917
1918
1920
1919
1922
1924
1925
1929
1927
1931
1932
1934
1936
1938
1939
1940
1941
1942
1943
1944
1945
1946
1947
1948
1949
1950
1951
1952
1953
1954
1955
1956
1957
1958
1959
1961
1963
1960
1962
1965
1966
1967
1968
1969
1970
1971
1972
1973
1974
1975
1976
1977
1978
1980
1979
1981
1983
1982
1984
1987
1986
1989
1988
1990
1992
1993
1994
1995
1996
1998
1999
2000
2001
2002
2003
2004
2006
2007
2008
2009
2010
2013
2014
2015
2017
2018
2019
2021
2023
2024
2025
2026
2028
2029
2030
2032
2034
2036
2042
2046
2047
2051
2054
2053
2055
2057
2058
2059
2060
2061
2063
2064
2065
2066
2068
2069
2070
2071
2072
2073
2074
2075
2076
2077
2078
