150 152
153 154
155 157
158 159
160 161
162 163
164 165
167 169
170 171
173 174
175 176
177 178
180 182
183 184
185 186
187 193
195 197
199 200
201 208
209 211
212 213
216 217
218 219
220 221
222 223
224 225
226 229
230 232
233 235
236 237
238 239
240 241
242 243
244 245
246 247
250 251
253 258
261 262
267 268
269 270
271 273
275 278
281 282
283 284
287 289
290 291
292 294
295 296
297 305
306 308
309 311
315 316
318 319
320 321
322 323
325 326
327 328
329 330
333 334
335 336
339 340
341 342
343 344
351 352
353 354
355 356
357 358
359 360
361 362
365 366
367 368
371 372
373 374
379 380
381 382
383 384
385 386
387 388
389 390
391 392
406 485
491 514
515 516
517 518
519 520
521 522
523 524
525 526
527 528
529 552
626 627
628 629
630 631
632 671
770 771
772 773
774 775
776 777
778 779
783 863
864 865
866 870
871 872
873 874
875 876
877 878
879 880
881 882
883 884
885 886
887 888
889 890
891 892
893 894
895 896
897 898
899 900
901 902
903 904
905 906
907 908
909 910
911 912
913 914
915 916
917 918
949 950
951 952
953 954
955 956
957 958
959 960
961 962
963 964
965 966
967 968
969 970
971 972
973 974
975 976
977 978
979 980
981 982
983 984
985 986
987 988
989 990
991 992
993 994
995 996
997 998
999 1000
1001 1017
1018 1019
1032 1033
1034 1035
1036 1037
1038 1039
1040 1041
1042 1043
1044 1046
1047 1049
1050 1051
1052 1053
1054 1055
1056 1057
1058 1059
1063 1064
1066 1067
1068 1069
1070 1071
1072 1075
1076 1077
1079 1081
1082 1083
1084 1085
1086 1087
1088 1089
1093 1094
1095 1096
1097 1098
1099 1100
1101 1102
1103 1108
1110 1113
1114 1116
1120 1121
1122 1123
1126 1127
1130 1133
1134 1135
1136 1137
1138 1139
1140 1141
1143 1144
1145 1146
1147 1148
1150 1151
1152 1153
1154 1155
1157 1158
1159 1160
1161 1162
1163 1164
1165 1166
1167 1168
1169 1170
1171 1172
1173 1174
1175 1176
1177 1178
1179 1184
1185 1186
1187 1188
1198 1199
1201 1202
1203 1205
1206 1207
1208 1209
1210 1211
1212 1213
1215 1216
1217 1218
1219 1221
1228 1229
1230 1231
1232 1233
1234 1235
1236 1237
1238 1239
1240 1241
1242 1244
1245 1246
1247 1248
1249 1250
1251 1255
1257 1260
1261 1262
1263 1264
1265 1266
1268 1269
1270 1271
1272 1273
1274 1275
1276 1280
1281 1282
1283 1284
1285 1286
1287 1288
1289 1290
1291 1292
1293 1294
1295 1296
1297 1299
1300 1301
1302 1303
1304 1306
1307 1309
1310 1311
1312 1313
1314 1316
1317 1318
1319 1321
1322 1323
1324 1325
1327 1328
1329 1330
1331 1334
1335 1336
1337 1338
1339 1340
1341 1342
1343 1344
1345 1346
1347 1348
1349 1350
1351 1352
1353 1354
1355 1356
1357 1358
1359 1360
1361 1362
1364 1365
1366 1367
1368 1370
1372 1373
1375 1376
1377 1378
1379 1380
1383 1384
1385 1386
1387 1388
1389 1390
1391 1392
1395 1396
1397 1399
1400 1401
1402 1403
1404 1405
1407 1408
1409 1410
1411 1416
1417 1419
1420 1421
1422 1423
1424 1426
1427 1428
1429 1430
1431 1432
1433 1434
1435 1436
1437 1439
1440 1441
1442 1443
1444 1445
1446 1448
1450 1452
1454 1455
1456 1459
1460 1461
1462 1463
1465 1466
1467 1468
1469 1470
1471 1472
1473 1479
1480 1481
1482 1483
1484 1486
1488 1490
1491 1492
1495 1498
1499 1500
1501 1502
1503 1504
1507 1508
1509 1511
1512 1513
1514 1515
1516 1517
1518 1519
1520 1521
1522 1523
1524 1525
1526 1527
1528 1529
1530 1531
1532 1533
1534 1536
1537 1538
1539 1540
1546 1549
1551 1552
1554 1555
1556 1569
1570 1571
1572 1573
1574 1575
1576 1578
1579 1580
1581 1583
1584 1585
1586 1588
1589 1590
1591 1592
1593 1594
1595 1596
1597 1598
1599 1600
1601 1603
1604 1605
1606 1607
1608 1610
1612 1613
1615 1616
1617 1618
1619 1620
1623 1625
1626 1628
1629 1630
1631 1632
1633 1634
1635 1636
1637 1638
1639 1640
1641 1642
1643 1644
1645 1646
1648 1649
1650 1651
1652 1653
1656 1658
1659 1660
1661 1665
1666 1668
1669 1670
1671 1672
1673 1674
1675 1676
1677 1678
1680 1685
1695 1705
1715 1725
1730 1731
1732 1733
1735 1745
1746 1748
1749 1755
1757 1758
1760 1761
1763 1764
1765 1767
1769 1771
1772 1774
1775 1779
1780 1781
1782 1783
1784 1785
1786 1788
1789 1790
1791 1792
1794 1795
1796 1797
1798 1799
1800 1801
1802 1803
1804 1806
1807 1809
1810 1811
1812 1813
1814 1815
1816 1818
1819 1821
1822 1823
1824 1825
1827 1829
1830 1832
1833 1834
1839 1840
1841 1842
1843 1844
1845 1846
1847 1848
1850 1851
1852 1853
1854 1856
1857 1858
1859 1860
1861 1862
1863 1864
1865 1866
1867 1868
1869 1870
1871 1872
1873 1874
1875 1876
1877 1878
1879 1881
1882 1883
1884 1885
1887 1888
1889 1890
1891 1892
1894 1895
1896 1898
1900 1901
1902 1903
1904 1905
1906 1907
1908 1909
1910 1911
1912 1913
1914 1915
1916 1917
1918 1919
1920 1922
1924 1925
1927 1929
1931 1932
1934 1936
1938 1939
1940 1941
1942 1943
1944 1945
1946 1947
1948 1949
1950 1951
1952 1953
1954 1955
1956 1957
1958 1959
1960 1961
1962 1963
1965 1966
1967 1968
1969 1970
1971 1972
1973 1974
1975 1976
1977 1978
1979 1980
1981 1982
1983 1984
1986 1987
1988 1989
1990 1993
1994 1995
1996 1998
1999 2000
2001 2002
2003 2004
2006 2007
2008 2009
2010 2013
2014 2015
2017 2018
2019 2021
2023 2024
2026 2028
2029 2030
2032 2034
2036 2042
2046 2047
2051 2053
2054 2055
2057 2058
2059 2060
2061 2063
2064 2065
2066 2068
2069 2070
2071 2072
2073 2074
2075 2076
2077 2078
