300 298 299 301
303 302 307 310
312 313 314 317
324 331 332 337
338 345 346 347
348 349 350 363
364 369 370 375
376 377 378 393
394 395 396 397
398 399 400 401
402 403 404 405
407 408 409 410
411 412 413 414
415 416 417 418
419 420 421 422
423 424 425 427
428 429 430 431
432 433 434 435
436 437 438 439
440 441 442 443
444 445 446 447
448 449 450 451
452 453 454 455
456 457 458 459
460 461 462 463
464 465 466 467
468 469 470 471
472 473 474 475
476 477 478 479
480 481 482 483
484 486 487 488
489 490 492 493
494 495 496 497
498 499 500 501
502 503 504 505
506 507 508 509
510 511 512 513
530 531 532 533
534 535 536 537
538 539 540 541
542 543 544 545
546 547 548 549
550 551 553 554
555 556 557 558
559 560 561 562
563 564 565 566
567 568 569 570
571 572 573 574
575 576 577 578
579 580 581 582
583 584 585 587
586 588 589 590
591 592 593 594
595 597 596 598
599 600 601 602
603 604 605 606
607 608 609 610
611 612 613 614
615 616 617 619
618 620 621 622
623 624 625 633
634 635 636 637
638 639 640 641
642 643 644 645
646 647 648 649
650 651 652 653
654 655 656 657
658 659 660 661
662 663 664 665
666 667 668 669
670 672 673 674
675 676 677 678
679 680 681 682
683 684 685 686
687 688 689 690
691 692 693 694
695 696 697 698
699 700 701 702
703 704 705 706
707 708 709 710
711 712 713 714
715 716 717 718
719 720 721 722
723 724 725 726
727 728 729 730
731 732 733 734
735 736 737 738
739 740 741 742
743 744 745 746
747 748 749 750
751 752 753 754
755 756 757 758
759 760 761 762
763 764 765 766
767 768 769 780
781 782 784 785
786 787 788 789
790 791 792 793
794 795 796 797
798 799 800 801
802 803 804 805
806 807 808 809
810 811 812 813
814 815 816 817
818 819 820 821
822 823 824 825
826 827 828 829
830 831 832 833
834 835 836 837
838 839 840 841
842 843 844 845
846 847 848 849
850 854 851 852
853 855 856 857
858 859 860 861
862 867 868 869
919 920 921 922
923 924 925 926
927 928 929 930
931 932 933 934
935 936 937 938
939 940 941 942
943 944 945 946
947 948 1002 1003
1004 1005 1006 1007
1008 1009 1010 1011
1012 1013 1014 1015
1016 1020 1021 1022
1023 1024 1025 1026
1027 1028 1029 1030
1031 1045 1048 1061
1060 1062 1308 1447
1449 1453 1458 1477
1474 1476 1475 1494
1489 1496 1497 1559
1561 1560 1563 1564
1568 1567 1609 1611
1614 1679 1681 1682
1683 1684 1686 1687
1688 1689 1690 1691
1692 1693 1694 1696
1697 1698 1700 1699
1701 1702 1704 1703
1706 1707 1708 1709
1710 1711 1712 1713
1714 1716 1717 1718
1719 1720 1721 1722
1723 1724 1726 1727
1728 1729 1734 1736
1737 1738 1740 1739
1741 1742 1743 1744
1747 1750 1752 1751
1754 1753 1756 1759
1762 1766 1768 1770
1773 1776 1777 1778
1787 1793 1805 1808
1817 1820 1826 1828
1831 1835 1836 1837
1838 1849 1855 1992
2025